1000
1 1 8 100 1345
2 2 6 100 1471
3 6 3 100 2902
4 3 8 100 4377
5 5 9 100 5955
6 2 10 100 7421
7 5 6 100 8185
8 8 6 100 9048
9 1 8 100 9687
10 10 7 100 10026
11 8 3 100 10437
12 5 4 100 11874
13 8 6 100 12035
14 8 4 100 12613
15 7 9 100 13119
16 10 7 100 14425
17 1 7 100 15782
18 1 8 100 17275
19 7 4 100 18692
20 9 5 100 20091
21 8 5 100 21850
22 1 2 100 23175
23 3 2 100 23562
24 5 9 100 24828
25 3 5 100 25137
26 1 5 100 26335
27 1 9 100 27226
28 7 1 100 27902
29 3 8 100 28870
30 6 1 100 30609
31 3 10 100 31075
32 10 3 100 31385
33 3 5 100 31939
34 4 2 100 32478
35 6 4 100 33245
36 7 8 100 33277
37 7 1 100 33751
38 6 5 100 34650
39 3 8 100 36133
40 7 6 100 36796
41 2 3 100 37184
42 1 6 100 38661
43 5 3 100 40452
44 3 9 100 41762
45 9 8 100 42660
46 7 2 100 43547
47 7 10 100 44378
48 9 8 100 45783
49 8 2 100 46081
50 8 7 100 47710
51 3 6 100 48385
52 4 5 100 49944
53 10 5 100 50905
54 8 5 100 52454
55 9 1 100 54004
56 1 2 100 54880
57 1 10 100 55076
58 5 8 100 56354
59 5 9 100 57491
60 6 5 100 57746
61 2 9 100 57845
62 7 10 100 59086
63 2 1 100 60458
64 9 2 100 60909
65 3 5 100 61521
66 6 4 100 61645
67 10 8 100 63130
68 6 2 100 64300
69 10 6 100 64548
70 6 1 100 64888
71 1 10 100 66135
72 5 4 100 66316
73 10 4 100 67156
74 1 7 100 67950
75 9 8 100 68907
76 2 6 100 70138
77 2 6 100 70194
78 2 7 100 71074
79 6 10 100 71970
80 6 5 100 73155
81 3 2 100 73263
82 2 10 100 74276
83 8 10 100 75026
84 9 8 100 75680
85 7 5 100 75718
86 6 5 100 76516
87 3 6 100 77324
88 6 10 100 78395
89 4 3 100 79675
90 7 5 100 81284
91 8 6 100 82702
92 1 3 100 83684
93 4 9 100 83868
94 2 6 100 85277
95 6 3 100 86269
96 4 9 100 86686
97 8 4 100 87382
98 10 8 100 87885
99 7 8 100 88677
100 6 7 100 89900
101 6 3 100 90444
102 8 4 100 90517
103 5 9 100 92316
104 6 8 100 93291
105 5 10 100 93912
106 5 1 100 94970
107 10 4 100 95440
108 3 6 100 95776
109 2 7 100 96436
110 6 8 100 98226
111 8 2 100 98972
112 10 9 100 100471
113 9 6 100 101446
114 8 10 100 102473
115 8 1 100 102487
116 8 10 100 103648
117 7 3 100 104356
118 8 7 100 104881
119 5 7 100 106010
120 4 10 100 106074
121 4 3 100 106488
122 5 9 100 106916
123 1 7 100 108669
124 8 2 100 109512
125 3 4 100 111285
126 1 2 100 112134
127 6 5 100 112189
128 2 10 100 112206
129 10 7 100 112988
130 8 4 100 114110
131 2 8 100 114608
132 3 5 100 115871
133 7 3 100 116755
134 5 10 100 117846
135 2 1 100 119006
136 5 3 100 120022
137 5 2 100 120964
138 9 3 100 122237
139 8 1 100 123291
140 4 9 100 123379
141 8 6 100 124883
142 7 1 100 126577
143 8 3 100 127307
144 10 1 100 128813
145 5 3 100 128868
146 7 9 100 129267
147 6 5 100 129336
148 4 2 100 130044
149 1 8 100 131342
150 4 10 100 132888
151 4 10 100 133389
152 2 8 100 134046
153 3 4 100 134432
154 6 10 100 135270
155 3 10 100 135456
156 4 6 100 136992
157 1 5 100 137916
158 4 5 100 139147
159 8 1 100 139769
160 10 9 100 140126
161 1 2 100 141269
162 6 9 100 142259
163 1 7 100 143961
164 5 3 100 145440
165 8 6 100 145506
166 1 2 100 146644
167 6 8 100 147448
168 4 9 100 148374
169 6 9 100 148541
170 3 10 100 149922
171 2 1 100 150258
172 9 4 100 151647
173 8 9 100 153128
174 4 8 100 153314
175 8 3 100 153733
176 3 1 100 154042
177 7 2 100 154354
178 2 8 100 155002
179 2 3 100 156719
180 1 5 100 158072
181 2 4 100 158308
182 6 1 100 159420
183 6 9 100 159695
184 4 3 100 160020
185 10 7 100 160612
186 10 2 100 161505
187 5 6 100 163234
188 9 6 100 163597
189 3 2 100 164563
190 8 4 100 165588
191 4 10 100 166343
192 5 8 100 167583
193 2 3 100 168287
194 3 9 100 169969
195 2 1 100 171165
196 8 10 100 172931
197 7 1 100 174283
198 3 9 100 175637
199 7 9 100 175656
200 1 3 100 177166
201 7 4 100 178162
202 5 3 100 179011
203 9 8 100 180093
204 3 7 100 181167
205 1 8 100 181913
206 2 5 100 182782
207 7 9 100 182883
208 5 3 100 184620
209 2 10 100 185668
210 7 4 100 186740
211 5 3 100 187527
212 5 6 100 188698
213 1 9 100 189369
214 5 8 100 189515
215 10 3 100 190510
216 8 2 100 191194
217 7 10 100 191245
218 5 8 100 192617
219 8 1 100 192748
220 3 8 100 193665
221 7 10 100 194982
222 10 5 100 195475
223 7 5 100 196564
224 10 6 100 196861
225 5 4 100 198198
226 6 7 100 199262
227 1 4 100 200882
228 10 5 100 200897
229 2 5 100 201264
230 7 10 100 202532
231 4 3 100 202604
232 5 1 100 202768
233 4 6 100 204271
234 1 2 100 204478
235 5 3 100 204926
236 5 9 100 206642
237 9 8 100 208226
238 1 9 100 208486
239 6 4 100 210182
240 6 10 100 211005
241 3 5 100 211922
242 4 10 100 212177
243 8 9 100 213233
244 10 2 100 214338
245 4 1 100 214545
246 8 5 100 214640
247 2 10 100 215390
248 2 10 100 216112
249 9 2 100 216138
250 6 2 100 216714
251 7 4 100 218505
252 3 1 100 220033
253 7 5 100 220177
254 10 4 100 221353
255 4 9 100 222942
256 10 8 100 223480
257 1 4 100 223780
258 4 8 100 224481
259 6 9 100 225099
260 8 9 100 225823
261 7 8 100 226535
262 10 7 100 227001
263 8 5 100 227139
264 6 5 100 228287
265 5 3 100 228837
266 3 2 100 230606
267 3 9 100 231972
268 5 8 100 232274
269 4 3 100 233505
270 4 5 100 234383
271 6 2 100 234403
272 10 9 100 234878
273 7 6 100 235415
274 3 10 100 237157
275 8 6 100 237173
276 2 4 100 237568
277 4 6 100 238023
278 3 6 100 238524
279 9 2 100 240254
280 1 3 100 240996
281 2 9 100 241817
282 2 5 100 242964
283 4 1 100 243235
284 5 8 100 244928
285 9 4 100 246621
286 7 5 100 247398
287 6 1 100 248707
288 5 6 100 250082
289 10 3 100 250556
290 4 9 100 251485
291 6 10 100 252114
292 4 10 100 252249
293 10 3 100 252836
294 7 6 100 253719
295 2 6 100 255130
296 2 6 100 255938
297 9 6 100 257601
298 6 3 100 258936
299 1 9 100 260536
300 5 2 100 261429
301 9 7 100 262563
302 7 2 100 262888
303 10 8 100 263866
304 10 2 100 264397
305 4 6 100 265394
306 2 7 100 266203
307 5 9 100 266730
308 7 9 100 267237
309 5 9 100 268724
310 3 4 100 269719
311 8 10 100 271355
312 9 6 100 271744
313 4 1 100 271785
314 1 10 100 272862
315 9 4 100 274597
316 10 3 100 276271
317 9 1 100 276985
318 7 6 100 277209
319 9 10 100 277730
320 1 10 100 279262
321 5 7 100 279439
322 2 7 100 281074
323 8 9 100 281187
324 5 3 100 281202
325 5 9 100 281650
326 4 6 100 283422
327 1 9 100 283812
328 8 9 100 284840
329 4 5 100 285965
330 4 6 100 286378
331 6 4 100 287412
332 1 4 100 288625
333 2 3 100 288864
334 5 7 100 289135
335 3 10 100 289504
336 3 1 100 289899
337 10 1 100 291333
338 6 9 100 292197
339 2 7 100 293804
340 7 6 100 295026
341 6 2 100 296602
342 10 1 100 298402
343 10 6 100 298820
344 3 7 100 300226
345 5 1 100 301363
346 8 6 100 302068
347 9 2 100 302585
348 6 10 100 303567
349 4 1 100 303656
350 7 9 100 304767
351 10 5 100 305112
352 6 5 100 306395
353 6 2 100 307091
354 9 3 100 307376
355 2 9 100 308292
356 7 2 100 308884
357 5 9 100 309140
358 3 7 100 309366
359 7 10 100 310856
360 3 5 100 312077
361 5 6 100 313602
362 2 8 100 313623
363 7 6 100 314921
364 7 5 100 315182
365 1 2 100 316152
366 4 7 100 317426
367 10 9 100 318434
368 6 9 100 319247
369 6 2 100 319599
370 5 7 100 319751
371 9 4 100 321422
372 6 5 100 321476
373 5 4 100 321742
374 10 2 100 323138
375 10 5 100 324817
376 3 8 100 325512
377 4 5 100 326851
378 6 4 100 326977
379 9 7 100 328245
380 7 8 100 329991
381 3 1 100 331726
382 10 2 100 332239
383 7 1 100 332697
384 3 5 100 333509
385 3 4 100 335108
386 4 10 100 335628
387 1 5 100 336647
388 3 7 100 337973
389 8 3 100 339382
390 4 3 100 340533
391 10 7 100 340787
392 10 2 100 342479
393 3 5 100 344070
394 1 5 100 345194
395 8 5 100 345576
396 5 6 100 346210
397 10 5 100 347990
398 4 8 100 348324
399 2 8 100 348864
400 9 2 100 349808
401 4 6 100 351352
402 6 7 100 352019
403 8 5 100 352709
404 4 5 100 353267
405 3 10 100 353331
406 9 5 100 355053
407 5 1 100 355804
408 9 3 100 357080
409 1 8 100 358662
410 3 1 100 359503
411 10 3 100 361073
412 3 4 100 361313
413 1 5 100 362751
414 2 9 100 364542
415 7 2 100 364853
416 1 3 100 365621
417 2 1 100 366923
418 8 4 100 367760
419 1 2 100 368104
420 6 4 100 368317
421 6 8 100 369350
422 10 4 100 369784
423 1 9 100 370429
424 7 6 100 371967
425 8 3 100 372605
426 9 8 100 373098
427 2 1 100 373148
428 10 4 100 373155
429 1 6 100 373208
430 10 8 100 374641
431 9 6 100 376019
432 6 2 100 377114
433 1 9 100 378485
434 9 1 100 378620
435 6 5 100 380311
436 7 5 100 380449
437 2 1 100 382190
438 3 1 100 382830
439 3 1 100 383282
440 10 7 100 384659
441 2 9 100 385756
442 10 4 100 386887
443 1 5 100 388145
444 2 10 100 389185
445 10 9 100 390297
446 2 5 100 390880
447 1 6 100 392397
448 9 2 100 393087
449 9 4 100 394033
450 3 7 100 395059
451 3 9 100 396688
452 8 9 100 398397
453 2 1 100 400067
454 1 7 100 400682
455 9 7 100 401882
456 1 6 100 403438
457 6 8 100 403894
458 8 3 100 404833
459 6 8 100 405801
460 4 10 100 406104
461 5 8 100 407226
462 2 6 100 408870
463 2 10 100 410189
464 4 2 100 411586
465 6 9 100 412326
466 9 10 100 413665
467 2 4 100 413861
468 9 8 100 415208
469 8 7 100 415247
470 1 8 100 415858
471 9 6 100 417615
472 7 10 100 417965
473 8 9 100 418656
474 1 4 100 419372
475 2 4 100 419906
476 3 5 100 420458
477 1 3 100 421302
478 6 4 100 421597
479 6 1 100 422730
480 5 6 100 422857
481 9 3 100 424006
482 3 1 100 424464
483 4 8 100 425747
484 4 9 100 426578
485 8 4 100 428243
486 10 8 100 429338
487 2 10 100 431005
488 10 8 100 431524
489 10 7 100 432270
490 10 2 100 433855
491 10 4 100 434228
492 7 6 100 435855
493 2 3 100 437118
494 1 9 100 438822
495 9 1 100 439219
496 6 5 100 439284
497 4 10 100 440174
498 9 2 100 441914
499 10 5 100 442295
500 10 4 100 443772
501 4 8 100 445280
502 2 8 100 446365
503 3 8 100 447923
504 6 10 100 448173
505 1 2 100 448750
506 1 3 100 450281
507 7 1 100 450651
508 2 7 100 452375
509 6 4 100 453917
510 5 6 100 454529
511 7 5 100 455646
512 3 2 100 455874
513 1 4 100 456790
514 2 4 100 457230
515 3 6 100 457309
516 6 4 100 457438
517 5 6 100 458303
518 9 2 100 458522
519 7 2 100 458800
520 6 8 100 459350
521 10 6 100 460624
522 3 4 100 461378
523 5 6 100 461945
524 6 2 100 463322
525 7 6 100 463929
526 3 2 100 465488
527 1 4 100 466583
528 9 10 100 466735
529 5 10 100 467337
530 3 5 100 468682
531 9 4 100 469268
532 7 2 100 470919
533 2 9 100 471735
534 3 9 100 472055
535 4 2 100 472510
536 1 5 100 473613
537 2 9 100 473869
538 9 1 100 474884
539 4 3 100 476304
540 1 5 100 477897
541 6 8 100 478909
542 4 3 100 479900
543 2 4 100 480695
544 1 4 100 482266
545 2 4 100 483808
546 4 1 100 484657
547 1 8 100 486314
548 6 7 100 487982
549 3 5 100 488727
550 7 9 100 490182
551 2 7 100 490972
552 7 9 100 491869
553 7 1 100 493067
554 8 6 100 494111
555 6 2 100 494294
556 8 1 100 495425
557 2 3 100 496286
558 2 7 100 496849
559 6 8 100 496919
560 6 1 100 496983
561 7 4 100 498543
562 10 5 100 499305
563 2 8 100 500919
564 8 4 100 501581
565 6 5 100 502126
566 3 4 100 503085
567 1 6 100 503336
568 6 1 100 503783
569 3 2 100 505081
570 2 5 100 506147
571 7 1 100 506654
572 7 3 100 507807
573 4 10 100 508319
574 10 9 100 509585
575 10 1 100 510467
576 1 4 100 510686
577 5 1 100 510908
578 6 5 100 512051
579 8 3 100 513509
580 8 1 100 513532
581 9 10 100 514905
582 6 5 100 515837
583 10 6 100 516621
584 7 3 100 516834
585 1 5 100 516966
586 10 2 100 517802
587 8 2 100 519523
588 5 9 100 520742
589 9 8 100 522457
590 4 2 100 522529
591 4 10 100 523842
592 1 3 100 524068
593 3 4 100 524157
594 7 1 100 524890
595 1 6 100 526645
596 8 7 100 527625
597 1 2 100 528362
598 10 7 100 530138
599 8 7 100 531711
600 2 5 100 532499
601 7 5 100 533788
602 1 4 100 535153
603 5 7 100 535711
604 6 5 100 536657
605 6 4 100 537079
606 10 2 100 538126
607 1 6 100 539615
608 6 4 100 540616
609 5 2 100 540883
610 1 5 100 542263
611 4 10 100 543629
612 2 8 100 543802
613 2 5 100 544197
614 4 3 100 545513
615 4 2 100 546875
616 8 2 100 548619
617 7 5 100 549566
618 5 1 100 550262
619 4 3 100 551853
620 4 10 100 553530
621 7 1 100 554833
622 10 7 100 555349
623 7 6 100 557144
624 1 3 100 557689
625 3 1 100 558474
626 7 5 100 559109
627 5 1 100 559382
628 2 4 100 561142
629 3 2 100 562394
630 1 3 100 563666
631 6 7 100 564933
632 7 2 100 566598
633 10 2 100 568031
634 5 1 100 569142
635 1 4 100 570761
636 3 9 100 571789
637 7 8 100 572292
638 6 2 100 572810
639 3 7 100 573997
640 7 4 100 574775
641 10 8 100 575531
642 9 5 100 576581
643 9 4 100 578125
644 1 8 100 579573
645 4 2 100 579577
646 1 8 100 579871
647 3 10 100 580251
648 4 1 100 580803
649 6 5 100 581243
650 4 1 100 583012
651 5 4 100 584118
652 6 10 100 585700
653 5 3 100 586249
654 9 1 100 587895
655 5 6 100 588199
656 8 5 100 588679
657 3 9 100 588902
658 4 9 100 589833
659 10 5 100 591073
660 7 2 100 592802
661 5 4 100 594073
662 7 10 100 595608
663 7 2 100 596888
664 10 2 100 597366
665 3 9 100 598328
666 4 1 100 599495
667 6 1 100 600538
668 10 2 100 602136
669 10 7 100 603293
670 4 2 100 603759
671 9 1 100 603818
672 9 8 100 605028
673 10 6 100 605672
674 8 5 100 606766
675 8 10 100 608013
676 5 1 100 608614
677 7 9 100 610325
678 10 5 100 610934
679 1 9 100 612337
680 2 6 100 612711
681 4 9 100 612823
682 7 3 100 613593
683 2 6 100 615166
684 2 10 100 616029
685 4 2 100 617390
686 9 7 100 619002
687 4 9 100 620575
688 9 1 100 621775
689 6 5 100 622234
690 9 10 100 623422
691 5 3 100 624370
692 4 1 100 625713
693 10 7 100 625994
694 3 8 100 627541
695 5 1 100 629245
696 6 10 100 630357
697 9 7 100 631673
698 2 9 100 632827
699 10 9 100 632992
700 8 7 100 634124
701 7 9 100 634289
702 8 6 100 634957
703 9 8 100 636445
704 7 5 100 636504
705 10 6 100 637621
706 3 7 100 637912
707 7 1 100 638185
708 6 5 100 638580
709 4 8 100 638966
710 9 2 100 639539
711 3 9 100 641337
712 5 8 100 642390
713 5 10 100 642678
714 5 9 100 642734
715 3 9 100 642859
716 8 4 100 643024
717 9 4 100 643490
718 7 2 100 643661
719 7 1 100 644152
720 6 5 100 645156
721 5 9 100 646630
722 2 4 100 647539
723 4 3 100 648966
724 2 1 100 649586
725 1 8 100 650851
726 2 9 100 652442
727 7 6 100 652593
728 2 5 100 653213
729 7 4 100 653256
730 9 8 100 653389
731 6 1 100 655071
732 7 4 100 655347
733 4 10 100 656387
734 5 8 100 657281
735 10 4 100 657929
736 3 8 100 659511
737 2 3 100 661007
738 1 2 100 661026
739 9 3 100 661533
740 3 10 100 662594
741 8 10 100 663295
742 6 4 100 663704
743 2 4 100 663883
744 4 1 100 664306
745 5 1 100 665064
746 9 1 100 666746
747 1 10 100 667405
748 5 2 100 668096
749 2 7 100 669246
750 3 7 100 669911
751 4 10 100 671177
752 6 4 100 672547
753 9 1 100 674321
754 7 8 100 675038
755 10 4 100 675704
756 1 6 100 677134
757 1 5 100 678884
758 2 5 100 679367
759 2 7 100 681066
760 2 4 100 682740
761 8 5 100 684520
762 4 10 100 686188
763 3 2 100 686964
764 2 4 100 688320
765 9 4 100 688662
766 2 7 100 689790
767 3 5 100 690238
768 7 6 100 691220
769 6 5 100 691646
770 8 7 100 693301
771 4 10 100 694166
772 10 6 100 694741
773 7 8 100 695324
774 2 10 100 695862
775 2 4 100 696372
776 1 4 100 696422
777 3 5 100 696779
778 6 3 100 697533
779 1 9 100 697798
780 7 6 100 698180
781 4 9 100 698251
782 6 7 100 698803
783 3 7 100 699368
784 9 6 100 700499
785 1 5 100 702166
786 3 1 100 702572
787 10 6 100 702602
788 5 9 100 702762
789 4 2 100 703149
790 6 10 100 703218
791 7 6 100 704292
792 6 5 100 706032
793 4 8 100 706944
794 9 2 100 708658
795 10 1 100 709126
796 1 8 100 709751
797 2 1 100 710979
798 10 7 100 712525
799 5 4 100 713646
800 7 6 100 714318
801 6 2 100 715571
802 9 7 100 716950
803 7 4 100 718638
804 8 3 100 719052
805 5 10 100 720596
806 4 8 100 721349
807 1 7 100 723010
808 10 3 100 724113
809 2 4 100 725494
810 2 4 100 725578
811 9 1 100 726306
812 7 1 100 728044
813 8 7 100 729133
814 4 8 100 730864
815 4 6 100 731711
816 10 3 100 732312
817 2 6 100 732514
818 6 10 100 732694
819 6 1 100 733206
820 5 2 100 733804
821 4 9 100 734440
822 4 9 100 735721
823 5 6 100 735772
824 3 10 100 736739
825 3 6 100 737923
826 2 4 100 738095
827 1 4 100 739827
828 6 9 100 740114
829 4 6 100 741430
830 6 10 100 742541
831 10 2 100 743076
832 9 10 100 743992
833 10 6 100 745204
834 7 5 100 746241
835 9 5 100 747500
836 10 7 100 748867
837 8 2 100 749360
838 9 8 100 750065
839 9 5 100 751239
840 7 2 100 751315
841 5 4 100 753001
842 6 8 100 753715
843 9 6 100 755095
844 3 4 100 755832
845 2 7 100 756390
846 1 2 100 756812
847 10 7 100 758106
848 2 6 100 759130
849 6 7 100 759598
850 5 6 100 761398
851 4 5 100 762572
852 6 5 100 764052
853 5 9 100 765446
854 5 4 100 765497
855 4 3 100 765540
856 3 7 100 765573
857 1 6 100 766641
858 6 10 100 768306
859 1 4 100 768725
860 4 3 100 769283
861 2 10 100 769584
862 4 7 100 770673
863 7 3 100 771454
864 3 10 100 771912
865 3 8 100 772093
866 8 1 100 773091
867 9 4 100 774808
868 2 9 100 776306
869 4 3 100 777937
870 7 4 100 778447
871 3 8 100 779340
872 1 4 100 779817
873 4 5 100 780082
874 6 7 100 780399
875 7 6 100 781224
876 9 6 100 782792
877 3 7 100 782860
878 5 10 100 784060
879 9 5 100 784724
880 8 3 100 785762
881 4 10 100 786240
882 4 5 100 786626
883 2 9 100 786698
884 2 3 100 788306
885 9 5 100 789301
886 3 1 100 790588
887 7 3 100 791604
888 4 5 100 793170
889 8 2 100 793913
890 10 9 100 794766
891 9 6 100 796164
892 1 8 100 797297
893 1 5 100 797305
894 4 3 100 798252
895 3 2 100 798266
896 4 5 100 799104
897 1 10 100 800657
898 5 9 100 801930
899 10 3 100 803612
900 4 1 100 804535
901 8 5 100 805816
902 10 7 100 807418
903 8 4 100 809128
904 10 6 100 810279
905 8 10 100 811039
906 8 5 100 811086
907 10 2 100 811251
908 2 7 100 811490
909 2 4 100 812732
910 7 10 100 814220
911 9 5 100 815377
912 8 6 100 815979
913 8 2 100 816696
914 3 2 100 817751
915 8 6 100 819278
916 9 5 100 820213
917 5 1 100 821611
918 2 4 100 822600
919 4 9 100 823561
920 3 5 100 825312
921 3 5 100 825350
922 3 2 100 825811
923 3 10 100 826665
924 8 1 100 826745
925 3 8 100 828102
926 7 4 100 828908
927 9 8 100 829785
928 10 9 100 829985
929 9 10 100 830887
930 8 3 100 831851
931 9 5 100 832486
932 3 9 100 833676
933 8 1 100 834251
934 1 6 100 835761
935 5 1 100 836191
936 7 3 100 836414
937 7 8 100 836970
938 3 10 100 837710
939 5 3 100 838379
940 9 2 100 839345
941 9 4 100 840044
942 9 4 100 840795
943 10 9 100 842485
944 1 10 100 843717
945 9 8 100 844325
946 5 8 100 845067
947 10 5 100 845761
948 1 10 100 846698
949 1 7 100 846997
950 8 1 100 848438
951 4 2 100 848695
952 8 1 100 849880
953 10 3 100 851054
954 5 8 100 851518
955 8 6 100 852883
956 10 8 100 854518
957 8 6 100 855883
958 3 6 100 857656
959 1 4 100 858874
960 8 5 100 858967
961 1 10 100 859594
962 1 3 100 860484
963 5 9 100 861871
964 5 4 100 863049
965 10 5 100 864442
966 5 3 100 864936
967 10 5 100 866140
968 5 10 100 867142
969 9 2 100 868387
970 8 7 100 868699
971 10 6 100 869485
972 5 1 100 871030
973 9 6 100 871660
974 9 1 100 872823
975 9 10 100 873539
976 8 3 100 875176
977 10 7 100 875422
978 5 8 100 876821
979 9 6 100 878419
980 9 10 100 878467
981 5 8 100 879580
982 5 1 100 879650
983 5 9 100 879711
984 8 1 100 881297
985 8 5 100 882210
986 8 3 100 883286
987 9 10 100 883493
988 9 4 100 884024
989 9 4 100 885034
990 8 2 100 885812
991 9 1 100 887183
992 9 6 100 887605
993 8 7 100 888930
994 8 1 100 889044
995 9 8 100 889845
996 8 9 100 890711
997 9 6 100 890924
998 8 3 100 892306
999 8 7 100 892347
1000 8 6 100 893703
